/*--------------------------------*- C++ -*----------------------------------*\
| =========                 |                                                 |
| \\      /  F ield         | OpenFOAM: The Open Source CFD Toolbox           |
|  \\    /   O peration     | Version:  dev                                   |
|   \\  /    A nd           | Web:      www.OpenFOAM.org                      |
|    \\/     M anipulation  |                                                 |
\*---------------------------------------------------------------------------*/
FoamFile
{
    version     2.0;
    format      ascii;
    class       volScalarField;
    location    "11.9";
    object      p;
}
// * * * * * * * * * * * * * * * * * * * * * * * * * * * * * * * * * * * * * //

dimensions      [0 2 -2 0 0 0 0];

internalField   nonuniform List<scalar> 
400
(
4.87089e-08
-0.00582989
-0.0129684
-0.0184209
-0.0204387
-0.0182451
-0.0117807
-0.00149044
0.0118307
0.0271427
0.0432381
0.0588169
0.0725726
0.0833024
0.0900468
0.0922609
0.0900198
0.0842378
0.0768746
0.071061
0.00577618
-0.000223496
-0.00580965
-0.00954852
-0.0106051
-0.0084391
-0.00297646
0.00546752
0.0162963
0.0287052
0.0417434
0.0543797
0.0655803
0.0744039
0.0801142
0.0823096
0.0810711
0.0770486
0.0712679
0.0653116
0.0133299
0.00502817
-0.00100107
-0.00442909
-0.00527907
-0.00327022
0.00159592
0.00902104
0.0184954
0.0293427
0.0407589
0.0518633
0.0617623
0.0696302
0.0748009
0.0768719
0.0758354
0.0720796
0.0657991
0.0575291
0.0201341
0.00869037
0.00122004
-0.00267454
-0.00372828
-0.00189159
0.0027249
0.00977809
0.0187738
0.0290884
0.0399854
0.0506475
0.0602266
0.0679097
0.072997
0.0749953
0.0737595
0.0694497
0.0615965
0.050096
0.0244966
0.0097675
0.000583956
-0.00399292
-0.00530839
-0.0035136
0.00116839
0.00832813
0.0174555
0.0279425
0.0390784
0.0500634
0.0600424
0.0681587
0.0736201
0.0757914
0.0743626
0.0692833
0.059519
0.0445304
0.0251724
0.00714441
-0.00380781
-0.00906317
-0.0105183
-0.00850622
-0.00336313
0.00442305
0.0143069
0.0256725
0.0378072
0.0498967
0.0610415
0.0702966
0.0767282
0.0795105
0.0781325
0.0723271
0.0605327
0.0418833
0.0210879
-0.000268061
-0.0129403
-0.0187152
-0.0200359
-0.0174201
-0.0113247
-0.00232604
0.00898405
0.0219698
0.0359032
0.0499378
0.0631056
0.0743387
0.0825154
0.086563
0.0857143
0.0794406
0.0656138
0.0430651
0.011137
-0.013624
-0.0278809
-0.0338601
-0.0346095
-0.0308636
-0.0232191
-0.0123515
0.0010985
0.0164775
0.0330461
0.0499272
0.0660769
0.0802834
0.0911942
0.0974235
0.0978638
0.0916296
0.0758898
0.0491099
-0.00597313
-0.0342724
-0.049876
-0.0555545
-0.0550961
-0.0495206
-0.0395997
-0.0261196
-0.00976343
0.00881666
0.0288946
0.0495871
0.0697911
0.0881481
0.103041
0.112695
0.115544
0.110185
0.0928278
0.061405
-0.0318632
-0.0638822
-0.080423
-0.0850132
-0.0824261
-0.0740843
-0.060987
-0.0440428
-0.0239578
-0.00134321
0.0231393
0.0486547
0.0740893
0.097966
0.11839
0.133119
0.139982
0.136812
0.118434
0.0819275
-0.0686735
-0.10461
-0.121351
-0.123596
-0.117521
-0.105133
-0.0877243
-0.0663316
-0.0416432
-0.0141619
0.0155993
0.046947
0.0788495
0.109787
0.137618
0.159579
0.172721
0.173772
0.155514
0.113565
-0.119408
-0.159363
-0.174921
-0.172763
-0.161154
-0.142935
-0.119765
-0.092783
-0.0625834
-0.0294537
0.00636699
0.0444674
0.084049
0.123697
0.16113
0.19308
0.215662
0.224071
0.208044
0.160626
-0.188634
-0.232248
-0.243945
-0.233954
-0.2137
-0.18716
-0.156378
-0.122507
-0.0859037
-0.046478
-0.00402033
0.0415329
0.0898362
0.139823
0.189313
0.234683
0.271069
0.291658
0.281737
0.22977
-0.28398
-0.32931
-0.331837
-0.308285
-0.274714
-0.236445
-0.19577
-0.153615
-0.109845
-0.0637506
-0.0144433
0.0388579
0.0965488
0.158271
0.222369
0.285282
0.341392
0.38157
0.384909
0.331829
-0.419324
-0.459676
-0.442355
-0.395797
-0.342134
-0.287744
-0.234621
-0.182935
-0.131614
-0.0789899
-0.023219
0.0374703
0.104548
0.178833
0.259856
0.344965
0.428611
0.499695
0.52967
0.485386
-0.620536
-0.636748
-0.578682
-0.494197
-0.411245
-0.335663
-0.267785
-0.205982
-0.147541
-0.0893874
-0.0284305
0.0383439
0.113802
0.200467
0.299971
0.412021
0.533025
0.651771
0.732767
0.722391
-0.935928
-0.878519
-0.741746
-0.597952
-0.474397
-0.372663
-0.288872
-0.217767
-0.153957
-0.092468
-0.0287214
0.0416916
0.123259
0.220714
0.338922
0.482151
0.651993
0.841337
1.01527
1.0975
-1.47643
-1.20663
-0.920507
-0.691392
-0.517308
-0.387547
-0.290065
-0.213341
-0.148128
-0.0872193
-0.0245815
0.0454536
0.128933
0.233067
0.367099
0.542674
0.771289
1.05931
1.40328
1.73014
-2.53965
-1.63055
-1.04444
-0.710962
-0.495754
-0.352097
-0.254534
-0.183587
-0.126173
-0.0735989
-0.0192729
0.042783
0.119208
0.218779
0.354808
0.54798
0.826389
1.23658
1.91167
2.92419
-4.36667
-2.04464
-0.973546
-0.563184
-0.35785
-0.24015
-0.170123
-0.123787
-0.0874849
-0.053514
-0.0166583
0.0276567
0.0846035
0.161726
0.272407
0.442095
0.718215
1.2257
2.41103
4.84853
)
;

boundaryField
{
    movingWall
    {
        type            zeroGradient;
    }
    fixedWalls
    {
        type            zeroGradient;
    }
    frontAndBack
    {
        type            empty;
    }
}


// ************************************************************************* //
